Kaaba		21.0  25.0 16.0		39.0  49.0 29.1		500.0		3.0
Karachi 	23.0  30.0 25.0		67.0  25.0 10.0		 100.0		5.0
Lahore		30.0  20.0 20.0		74.0  20.0 05.0		1500.0		5.0
Peshawar	34.0   0.0  0.0		71.5   0.0  0.0		1800.0		5.0
Islamabad	33.75  0.0  0.0		25.1   0.0  0.0		1700.0		5.0
Badin		24.6   0.0  0.0		68.9   0.0  0.0		 200.0		5.0
Bannu		33.0   0.0  0.0		70.5   0.0  0.0		 900.0		5.0
Dadu		26.75  0.0  0.0		67.7   0.0  0.0		 100.0		5.0
Faisalabad	31.4   0.0  0.0		25.1   0.0  0.0		 800.0		5.0
Gawadar		25.1   0.0  0.0		62.3   0.0  0.0		 100.0		5.0
Hyderabad	25.4   0.0  0.0		68.5   0.0  0.0		 100.0		5.0
Kohat		33.6   0.0  0.0		71.4   0.0  0.0		 900.0		5.0
Mardan		34.25  0.0  0.0		72.05  0.0  0.0		 900.0		5.0
Mianwali	32.5   0.0  0.0		71.5   0.0  0.0		 800.0		5.0
Mirpurkhas	25.5   0.0  0.0		69.0   0.0  0.0		 150.0		5.0
Multan		30.25  0.0  0.0		71.3   0.0  0.0		 500.0		5.0
Qallat		29.0   0.0  0.0		66.5   0.0  0.0		 300.0		5.0
Quetta		30.25  0.0  0.0		67.0   0.0  0.0		2500.0		5.0
Sargodha	32.1   0.0  0.0		24.7   0.0  0.0		 500.0		5.0
Sukkar		27.0  43.0  1.073	68.0  47.0 20.24	 300.0		5.0
Thatta		24.8   0.0  0.0		67.9   0.0  0.0		 100.0		5.0
MoonRS1		30.0   0.0  0.0		 0.0   0.0  0.0		   0.0		0.0
MoosRS2		66.0   0.0  0.0		 0.0   0.0  0.0		   0.0		0.0
SunRS1		52.0   0.0  0.0		 0.0   0.0  0.0		   0.0		0.0
SunRS2		66.0   0.0  0.0	   -30.0   0.0  0.0		   0.0		0.0
SunRS3	   -80.0  10.0 10.0	   127.0  23.0 10.0		   0.0		0.0
SunRS4	   -45.0   0.0  0.0		15.0   0.0  0.0		   0.0		0.0 
Unlisted	0.0	 0.0  0.0		 0.0   0.0  0.0		   0.0		5.0
